8 0.795312 0.628704 0.076042 0.183333
3 0.784635 0.414352 0.094271 0.084259
3 0.710938 0.418981 0.040625 0.073148
3 0.664844 0.450000 0.039062 0.046296
1 0.592969 0.360648 0.033854 0.069444
1 0.555469 0.280093 0.046354 0.039815
3 0.547396 0.333796 0.064583 0.060185
3 0.542188 0.442593 0.038542 0.046296
5 0.691927 0.170370 0.102604 0.068519
9 0.367969 0.275926 0.060937 0.103704
5 0.438542 0.139815 0.042708 0.062963
3 0.420833 0.171759 0.086458 0.054630
8 0.391667 0.453704 0.051042 0.083333
1 0.565104 0.636574 0.071875 0.117593
9 0.347135 0.543981 0.067187 0.126852
3 0.345313 0.832870 0.053125 0.039815
2 0.256250 0.753704 0.017708 0.040741
3 0.688802 0.618519 0.097396 0.048148
6 0.534115 0.769907 0.066146 0.049074
5 0.503646 0.422685 0.027083 0.049074
2 0.439844 0.294444 0.070312 0.166667
2 0.357812 0.697222 0.125000 0.140741
2 0.600781 0.469907 0.061979 0.112037
