5 0.117708 0.251852 0.031250 0.055556
5 0.175781 0.232407 0.031771 0.061111
3 0.310937 0.206481 0.033333 0.050000
3 0.326042 0.263889 0.029167 0.050000
5 0.338542 0.423148 0.033333 0.053704
8 0.289844 0.418056 0.040104 0.063889
8 0.207813 0.596296 0.047917 0.090741
9 0.495573 0.649537 0.041146 0.086111
5 0.586458 0.687963 0.050000 0.079630
4 0.572917 0.481481 0.089583 0.129630
1 0.752865 0.352778 0.073438 0.142593
1 0.829688 0.649074 0.037500 0.077778
9 0.822396 0.799074 0.088542 0.109259
2 0.582031 0.311111 0.113021 0.153704
2 0.123438 0.162500 0.112500 0.123148
2 0.208854 0.706944 0.052083 0.095370
2 0.268490 0.838889 0.066146 0.085185
4 0.344792 0.723611 0.082292 0.126852
8 0.084635 0.799537 0.068229 0.093519
