9 0.320573 0.509259 0.063021 0.094444
9 0.271615 0.590278 0.038021 0.037963
5 0.265625 0.249537 0.041667 0.056481
5 0.282813 0.394444 0.041667 0.055556
5 0.527344 0.561574 0.086979 0.080556
2 0.538802 0.390741 0.123438 0.177778
1 0.798698 0.513889 0.078646 0.127778
5 0.731771 0.302315 0.046875 0.075000
8 0.788281 0.278241 0.059896 0.065741
2 0.359635 0.731944 0.056771 0.089815
9 0.362760 0.187037 0.142187 0.162963
3 0.967187 0.588426 0.065625 0.121296
3 0.950521 0.674537 0.082292 0.086111
2 0.678385 0.440741 0.076563 0.124074
9 0.864583 0.137963 0.094792 0.064815
1 0.705990 0.144444 0.139063 0.092593
6 0.820573 0.772685 0.061979 0.093519
6 0.350260 0.636574 0.052604 0.062037
5 0.211458 0.785185 0.075000 0.177778
8 0.810937 0.666204 0.054167 0.069444
4 0.160417 0.350463 0.077083 0.250926
