9 0.342708 0.182407 0.058333 0.070370
9 0.376302 0.468981 0.055729 0.058333
9 0.464323 0.694907 0.057813 0.054630
5 0.555208 0.582870 0.029167 0.050926
3 0.322396 0.709722 0.052083 0.160185
5 0.620573 0.659259 0.036979 0.081481
2 0.852865 0.506944 0.074479 0.123148
8 0.696875 0.518981 0.051042 0.125000
6 0.791146 0.327778 0.055208 0.116667
5 0.727865 0.239352 0.038021 0.084259
5 0.640104 0.127315 0.041667 0.069444
2 0.301302 0.804630 0.118229 0.194444
5 0.729167 0.853704 0.048958 0.081481
6 0.897135 0.172222 0.082812 0.107407
1 0.633854 0.207407 0.040625 0.081481
1 0.390104 0.144907 0.040625 0.069444
6 0.260156 0.349537 0.072396 0.102778
2 0.367448 0.362963 0.106771 0.137037
2 0.521875 0.268981 0.113542 0.191667
