9 0.152604 0.373148 0.090625 0.077778
9 0.225000 0.836111 0.035417 0.057407
5 0.358594 0.244444 0.064062 0.077778
5 0.755208 0.358333 0.030208 0.068519
3 0.749740 0.773148 0.040104 0.105556
3 0.167448 0.624537 0.040104 0.147222
5 0.319010 0.469444 0.040104 0.059259
2 0.441667 0.715278 0.044792 0.119444
8 0.551562 0.463426 0.040625 0.099074
3 0.268229 0.782870 0.040625 0.086111
9 0.379167 0.808796 0.056250 0.091667
5 0.429167 0.531481 0.029167 0.057407
4 0.942448 0.321296 0.100521 0.166667
2 0.658594 0.204167 0.093229 0.182407
6 0.164844 0.513426 0.056771 0.086111
2 0.660417 0.230556 0.086458 0.216667
2 0.443750 0.305556 0.069792 0.161111
2 0.656250 0.533333 0.071875 0.146296
5 0.826042 0.647685 0.052083 0.062037
7 0.800521 0.218056 0.047917 0.095370
