8 0.439583 0.273611 0.056250 0.086111
8 0.299740 0.713426 0.055729 0.078704
5 0.049219 0.221296 0.071354 0.133333
5 0.535156 0.285648 0.038021 0.065741
5 0.650781 0.416667 0.046354 0.125926
1 0.735677 0.526389 0.047396 0.052778
2 0.909375 0.557870 0.179167 0.154630
9 0.468490 0.611111 0.099479 0.066667
1 0.179167 0.156019 0.061458 0.113889
1 0.062500 0.588426 0.059375 0.100926
9 0.461458 0.724074 0.093750 0.138889
2 0.939323 0.414815 0.113021 0.107407
9 0.836719 0.229630 0.073438 0.140741
6 0.670312 0.861111 0.096875 0.077778
