8 0.182292 0.460185 0.040625 0.077778
1 0.154688 0.347222 0.036458 0.138889
5 0.447917 0.320833 0.039583 0.158333
5 0.422396 0.531481 0.033333 0.064815
5 0.790625 0.468056 0.044792 0.082407
5 0.452344 0.300926 0.049479 0.131481
5 0.071354 0.586574 0.084375 0.073148
5 0.104948 0.813889 0.060937 0.107407
3 0.170313 0.562037 0.045833 0.133333
5 0.097656 0.257870 0.052604 0.084259
9 0.591406 0.687963 0.066146 0.137037
9 0.630469 0.590741 0.061979 0.103704
9 0.740104 0.768056 0.053125 0.119444
5 0.959896 0.548148 0.071875 0.096296
3 0.762760 0.246759 0.074479 0.121296
1 0.249219 0.744444 0.086979 0.101852
3 0.332552 0.321759 0.083854 0.102778
7 0.540625 0.475463 0.104167 0.097222
2 0.695573 0.457407 0.099479 0.146296
2 0.075260 0.423611 0.134896 0.232407
2 0.899219 0.689352 0.143229 0.176852
