6 0.085938 0.218519 0.043750 0.096296
6 0.097917 0.409722 0.050000 0.073148
5 0.200260 0.587963 0.039062 0.094444
5 0.380469 0.689352 0.047396 0.089815
3 0.428385 0.364815 0.067187 0.085185
9 0.612240 0.493056 0.065104 0.112037
3 0.537240 0.712500 0.046354 0.132407
8 0.786198 0.387963 0.046354 0.087037
5 0.683594 0.332870 0.075521 0.086111
5 0.850781 0.706019 0.074479 0.060185
5 0.886719 0.632407 0.055729 0.083333
3 0.342969 0.213889 0.051562 0.211111
3 0.229167 0.726389 0.022917 0.060185
5 0.879427 0.327315 0.080729 0.087963
6 0.635938 0.164815 0.043750 0.085185
5 0.058073 0.650000 0.023438 0.061111
5 0.796354 0.217130 0.036458 0.073148
5 0.904948 0.132407 0.046354 0.066667
9 0.400781 0.283333 0.059896 0.090741
