5 0.360677 0.326389 0.061979 0.086111
5 0.270833 0.301389 0.060417 0.050926
8 0.158854 0.396296 0.034375 0.077778
5 0.057813 0.337963 0.044792 0.096296
5 0.247135 0.687037 0.061979 0.085185
3 0.179688 0.530093 0.048958 0.230556
5 0.586458 0.719444 0.047917 0.105556
2 0.378646 0.518519 0.103125 0.164815
6 0.652865 0.264815 0.055729 0.098148
6 0.610938 0.155556 0.065625 0.077778
2 0.074479 0.586111 0.081250 0.320370
6 0.025000 0.172222 0.042708 0.098148
5 0.790885 0.682870 0.043229 0.076852
2 0.553646 0.527315 0.102083 0.145370
5 0.230990 0.141204 0.133854 0.089815
4 0.906510 0.575000 0.143229 0.172222
3 0.634896 0.804630 0.066667 0.101852
