1 0.255729 0.128241 0.034375 0.036111
4 0.414323 0.214352 0.030729 0.069444
3 0.293490 0.343056 0.024479 0.032407
5 0.242708 0.361111 0.035417 0.037037
9 0.116667 0.484722 0.032292 0.041667
9 0.094531 0.518519 0.028646 0.044444
8 0.061198 0.399537 0.024479 0.030556
5 0.085417 0.379167 0.026042 0.028704
1 0.183073 0.212963 0.033854 0.070370
3 0.340365 0.195833 0.034896 0.036111
3 0.198437 0.375000 0.029167 0.035185
1 0.204948 0.480093 0.038021 0.041667
5 0.191146 0.575926 0.036458 0.031481
3 0.396354 0.386574 0.042708 0.054630
2 0.269531 0.218519 0.081771 0.090741
2 0.438542 0.593056 0.041667 0.078704
3 0.303125 0.654630 0.034375 0.048148
5 0.547396 0.250926 0.042708 0.059259
5 0.645052 0.248148 0.023438 0.046296
1 0.586458 0.593981 0.023958 0.058333
1 0.465885 0.692593 0.097396 0.079630
1 0.335156 0.771296 0.047396 0.044444
8 0.670833 0.627778 0.039583 0.051852
3 0.630469 0.477778 0.041146 0.079630
9 0.832552 0.518056 0.083854 0.478704
8 0.707812 0.196296 0.046875 0.074074
7 0.892448 0.264815 0.056771 0.088889
7 0.660156 0.810185 0.083854 0.092593
2 0.453906 0.478704 0.103646 0.083333
