8 0.534375 0.140741 0.043750 0.064815
3 0.557552 0.309259 0.034896 0.059259
9 0.254167 0.600463 0.059375 0.149074
6 0.440104 0.601389 0.032292 0.084259
1 0.210417 0.365278 0.055208 0.089815
1 0.194792 0.216204 0.053125 0.089815
6 0.517188 0.612037 0.040625 0.068519
5 0.441927 0.236111 0.093229 0.081481
5 0.621615 0.227315 0.033854 0.056481
5 0.632552 0.341204 0.032813 0.063889
5 0.744792 0.350463 0.032292 0.126852
5 0.885938 0.460185 0.036458 0.044444
2 0.865625 0.571296 0.169792 0.172222
2 0.703906 0.674537 0.136979 0.123148
3 0.193490 0.194444 0.049479 0.105556
9 0.584375 0.720833 0.055208 0.076852
6 0.916667 0.178704 0.053125 0.090741
1 0.192708 0.837963 0.042708 0.092593
