6 0.764583 0.357407 0.046875 0.074074
5 0.690365 0.250926 0.047396 0.087037
5 0.284635 0.372222 0.039062 0.062963
5 0.509115 0.283333 0.039062 0.085185
5 0.411198 0.721759 0.064062 0.058333
1 0.261198 0.865278 0.092188 0.086111
3 0.207552 0.500463 0.060937 0.056481
2 0.116146 0.406019 0.100000 0.215741
2 0.377865 0.295370 0.133854 0.190741
4 0.738542 0.526852 0.117708 0.264815
2 0.925000 0.576389 0.127083 0.484259
5 0.685417 0.783333 0.043750 0.070370
5 0.820312 0.834259 0.057292 0.092593
5 0.777865 0.235648 0.033854 0.069444
5 0.489844 0.556481 0.068229 0.100000
8 0.613802 0.155093 0.064062 0.093519
9 0.828385 0.683333 0.049479 0.077778
6 0.852865 0.295833 0.036979 0.052778
