2 0.124479 0.231944 0.078125 0.086111
5 0.105990 0.386574 0.031771 0.063889
2 0.206250 0.424537 0.028125 0.034259
5 0.252344 0.459722 0.025521 0.034259
5 0.685677 0.779167 0.049479 0.063889
5 0.742188 0.689815 0.047917 0.085185
6 0.738281 0.500463 0.031771 0.056481
5 0.735938 0.398148 0.043750 0.081481
5 0.736198 0.269444 0.030729 0.053704
5 0.919010 0.362500 0.026562 0.050926
1 0.981250 0.150926 0.035417 0.081481
8 0.925260 0.151389 0.034896 0.076852
8 0.933854 0.581944 0.034375 0.058333
8 0.828906 0.867130 0.042188 0.047222
3 0.512240 0.409259 0.055729 0.031481
6 0.633073 0.468519 0.026562 0.037037
6 0.329688 0.706019 0.018750 0.028704
5 0.190104 0.662037 0.029167 0.046296
3 0.194792 0.560185 0.031250 0.031481
5 0.074740 0.762500 0.028646 0.047222
8 0.659896 0.173611 0.030208 0.084259
9 0.765365 0.162963 0.043229 0.055556
5 0.266927 0.193981 0.127604 0.197222
8 0.333333 0.482870 0.041667 0.065741
1 0.323698 0.756019 0.024479 0.037963
8 0.259635 0.784722 0.030729 0.056481
9 0.208854 0.790278 0.033333 0.047222
9 0.618229 0.700000 0.026042 0.042593
1 0.137760 0.832407 0.031771 0.061111
1 0.333333 0.549074 0.037500 0.050000
2 0.582031 0.293056 0.100521 0.115741
2 0.037240 0.431019 0.052604 0.263889
2 0.407031 0.601852 0.095312 0.111111
3 0.886458 0.697222 0.051042 0.066667
