5 0.236719 0.614815 0.056771 0.062963
3 0.279427 0.811111 0.043229 0.050000
2 0.359115 0.703704 0.100521 0.129630
8 0.102865 0.873611 0.064062 0.060185
5 0.370573 0.217593 0.035937 0.048148
3 0.438802 0.317130 0.061979 0.056481
5 0.488542 0.516667 0.052083 0.050000
4 0.514323 0.655556 0.066146 0.061111
5 0.500781 0.762037 0.043229 0.050000
5 0.657292 0.562037 0.052083 0.050000
8 0.701302 0.508333 0.029687 0.053704
1 0.757812 0.554630 0.051042 0.096296
5 0.690625 0.759259 0.031250 0.048148
9 0.765625 0.734259 0.038542 0.064815
8 0.072917 0.642593 0.088542 0.161111
7 0.719271 0.270370 0.094792 0.155556
7 0.844531 0.286574 0.095312 0.123148
2 0.557031 0.311111 0.129688 0.161111
4 0.694792 0.848148 0.064583 0.070370
8 0.428906 0.558333 0.036979 0.072222
