9 0.130729 0.173611 0.042708 0.119444
5 0.314844 0.222685 0.046354 0.102778
5 0.457813 0.290741 0.041667 0.051852
8 0.724479 0.239352 0.037500 0.076852
4 0.489323 0.583796 0.104688 0.130556
1 0.301042 0.584259 0.035417 0.046296
8 0.149740 0.343056 0.029687 0.043519
8 0.203906 0.413426 0.028646 0.039815
1 0.057031 0.460185 0.070312 0.046296
1 0.012240 0.387963 0.022396 0.062963
2 0.126302 0.776389 0.068229 0.115741
5 0.391146 0.614352 0.029167 0.047222
5 0.498177 0.142593 0.052604 0.051852
5 0.391927 0.191667 0.028646 0.051852
1 0.281771 0.346759 0.027083 0.047222
3 0.255208 0.673611 0.026042 0.049074
8 0.500781 0.750926 0.053646 0.051852
1 0.760938 0.707870 0.038542 0.054630
7 0.804167 0.352315 0.144792 0.071296
