5 0.219531 0.138889 0.038021 0.046296
3 0.170313 0.387500 0.039583 0.047222
1 0.420833 0.484722 0.047917 0.095370
8 0.558594 0.410648 0.026562 0.049074
1 0.493750 0.529630 0.031250 0.062963
8 0.615104 0.479630 0.040625 0.042593
5 0.719531 0.292130 0.047396 0.089815
5 0.803125 0.254630 0.030208 0.070370
5 0.857292 0.361111 0.025000 0.033333
5 0.807031 0.676389 0.019271 0.047222
8 0.903125 0.827778 0.046875 0.053704
7 0.882292 0.656481 0.097917 0.153704
9 0.544531 0.227778 0.041146 0.111111
9 0.315365 0.473148 0.038021 0.055556
9 0.241406 0.702315 0.150521 0.197222
2 0.404948 0.221759 0.086979 0.173148
5 0.919010 0.217130 0.035937 0.054630
1 0.707292 0.649537 0.029167 0.037963
3 0.665365 0.750463 0.032813 0.065741
3 0.596094 0.609259 0.029687 0.112963
