5 0.470052 0.375926 0.023438 0.051852
5 0.501563 0.456019 0.022917 0.054630
8 0.571094 0.641667 0.069271 0.137037
5 0.720573 0.454630 0.051562 0.105556
3 0.218750 0.613426 0.057292 0.063889
5 0.616146 0.172222 0.036458 0.048148
8 0.731250 0.167130 0.033333 0.062037
1 0.661979 0.255556 0.057292 0.090741
5 0.819531 0.470370 0.034896 0.131481
5 0.709635 0.788426 0.055729 0.058333
5 0.861979 0.737037 0.040625 0.066667
3 0.794010 0.697222 0.040104 0.068519
5 0.730729 0.582870 0.035417 0.045370
9 0.806510 0.228241 0.045312 0.067593
1 0.328125 0.474074 0.053125 0.070370
2 0.141146 0.436111 0.060417 0.233333
2 0.948438 0.417593 0.095833 0.151852
1 0.986198 0.575926 0.022396 0.088889
