5 0.161719 0.227315 0.026562 0.049074
5 0.045312 0.518981 0.023958 0.036111
1 0.025260 0.224074 0.018229 0.061111
1 0.245312 0.438426 0.017708 0.062037
8 0.661198 0.348611 0.038021 0.050926
1 0.525260 0.637963 0.024479 0.081481
5 0.652083 0.181019 0.033333 0.063889
1 0.335156 0.757407 0.041146 0.066667
2 0.740885 0.312500 0.078646 0.126852
5 0.251302 0.852778 0.057813 0.040741
5 0.355469 0.476389 0.029687 0.050926
8 0.276562 0.218981 0.037500 0.060185
2 0.038281 0.300463 0.061979 0.082407
9 0.525521 0.170370 0.091667 0.138889
3 0.864844 0.251852 0.014063 0.031481
5 0.587760 0.626852 0.050521 0.050000
7 0.820833 0.655556 0.093750 0.077778
3 0.750521 0.191204 0.029167 0.063889
3 0.552604 0.278704 0.020833 0.035185
3 0.402604 0.168056 0.032292 0.043519
8 0.367969 0.379630 0.050521 0.044444
1 0.211198 0.685185 0.031771 0.098148
4 0.134115 0.571759 0.061979 0.087963
