9 0.407292 0.146759 0.029167 0.056481
9 0.213802 0.242593 0.024479 0.048148
5 0.218750 0.275926 0.032292 0.050000
6 0.320833 0.387963 0.039583 0.133333
6 0.287500 0.568981 0.033333 0.126852
5 0.118490 0.551389 0.022396 0.043519
3 0.133594 0.803704 0.038021 0.055556
5 0.157552 0.712037 0.023438 0.031481
1 0.220573 0.787963 0.020313 0.040741
8 0.280469 0.808796 0.035937 0.084259
5 0.380469 0.709722 0.025521 0.049074
5 0.392969 0.792130 0.018229 0.041667
9 0.352083 0.873611 0.017708 0.043519
9 0.530990 0.718519 0.095312 0.144444
5 0.644271 0.743981 0.076042 0.087963
5 0.753385 0.625926 0.036979 0.062963
8 0.705469 0.567130 0.022396 0.075000
5 0.890625 0.364352 0.038542 0.052778
5 0.964063 0.267130 0.057292 0.087963
3 0.852604 0.324074 0.027083 0.048148
8 0.585677 0.168519 0.065104 0.087037
5 0.468750 0.555093 0.023958 0.034259
6 0.422656 0.583333 0.057813 0.170370
6 0.584635 0.626389 0.024479 0.056481
3 0.628906 0.655556 0.035937 0.075926
7 0.752083 0.327315 0.136458 0.206481
2 0.125781 0.290278 0.065104 0.173148
5 0.165885 0.822222 0.019271 0.035185
